1 1423;3117 1
1 1423;3117 1
1 1423;3117 1
1 1423;3117 1
1 1423;3117 1
1 1423;3117 1
1 1423;3117 1
1 1423;3117 1
1 1423;3117 1
1 1423;3117 1
1 1423;3117 1
1 1423;3117 1
1 1423;3117 1
1 1423;3117 1
1 1423;3117 1
1 1423;3117 1
1 1423;3117 1
1 1423;3117 1
1 1423;3117 1
1 1423;3117 1
1 789;1423 1
2 1423;3117 0
2 1423;3117 1
2 1423;3117 1
2 1423;3117 1
2 1423;3117 1
2 1423;3117 1
2 1423;3117 1
2 1423;3117 1
2 1423;3117 1
2 1423;3117 1
2 1423;3117 1
2 1423;3117 1
2 1423;3117 1
2 1423;3117 1
2 1423;3117 1
2 1423;3117 1
2 1423;3117 1
2 1423;3117 1
2 1423;3117 1
2 1423;3117 1
3 1423;3117 0
3 1423;3117 1
3 1423;3117 0
3 1423;3117 1
3 1423;3117 1
3 1423;3117 1
3 1423;3117 1
3 1423;3117 1
3 1423;3117 1
3 1423;3117 1
3 1423;3117 1
3 1423;3117 1
3 1423;3117 1
3 1423;3117 0
3 1423;3117 1
3 1423;3117 1
3 1423;3117 1
3 1423;3117 1
3 1423;3117 1
3 1423;3117 1
4 1423;3117 0
4 1423;3117 0
4 1423;3117 1
4 1423;3117 0
4 1423;3117 1
4 1423;3117 1
4 1423;3117 0
4 1423;3117 0
4 1423;3117 1
4 1423;3117 1
4 1423;3117 1
4 1423;3117 1
4 1423;3117 0
4 1423;3117 1
4 1423;3117 1
4 1423;3117 1
4 1423;3117 1
4 1423;3117 1
4 1423;3117 1
4 1423;3117 1
5 1423;3117 1
5 1423;3117 0
5 1423;3117 0
6 789;1423 0
6 789;1423 0
6 789;1423 1
7 1423;3117 1
7 1423;3117 1
7 1423;3117 1
7 1423;3117 0
7 1423;3117 1
7 1423;3117 1
7 1423;3117 1
7 1423;3117 1
7 1423;3117 1
7 1423;3117 1
7 1423;3117 1
7 1423;3117 1
7 1423;3117 1
