298 527 0.0034099787476
195 527 0.00441874728105
527 527 0.00523898666839
337 527 0.00439651246855
99 527 0.00517095490259
98 527 0.00329583049262
155 527 0.00353933928768
147 527 0.00344213798834
370 527 0.00307518006717
80 527 0.00339329950229
582 527 0.00497801431265
243 527 0.00313010921097
186 527 0.00439188249914
185 527 0.00360410340287
188 527 0.00341153879576
207 527 0.00326365177604
74 527 0.00329188646905
72 527 0.0037343935019
71 527 0.00415124061441
70 527 0.00363706412412
78 527 0.00328617542521
540 527 0.00400323442893
121 527 0.00550582290383
122 527 0.0032864243199
137 527 0.00342951136919
360 527 0.00346021322257
502 527 0.00537388759108
169 527 0.00424938368637
160 527 0.00482100863649
161 527 0.00334977561112
214 527 0.00330285268992
283 527 0.00367699917832
287 527 0.00312832106436
54 527 0.003000642379
539 527 0.00326196232905
115 527 0.00378362909711
116 527 0.00386288324065
228 527 0.00389320845101
112 527 0.00387858902383
46 527 0.00385845430156
47 527 0.00399954095055
484 527 0.00351356812395
102 102 0.00383786724082
103 102 0.00384932334283
106 102 0.00321842362108
104 102 0.00311177091171
105 102 0.00353362500749
133 102 0.00310709023359
24 102 0.00386192616142
25 102 0.00380523802556
26 102 0.00376571122363
22 102 0.00380659334084
23 102 0.00381899009619
126 102 0.00324121343184
258 102 0.00320297302694
190 103 0.00424710815086
102 103 0.00640918601106
103 103 0.00633496820018
106 103 0.00383985906688
104 103 0.00373177156355
105 103 0.00480065280606
335 103 0.00360269991022
239 103 0.00339422517491
146 103 0.00313183032933
133 103 0.00387939326068
24 103 0.00641603516953
25 103 0.0060561347992
26 103 0.00572640178025
22 103 0.00604750673811
23 103 0.00610361386346
371 103 0.00308381030998
81 103 0.00306848778594
170 103 0.00308303280685
412 103 0.00335388242387
258 103 0.00411137826438
351 103 0.00337108103841
219 103 0.00348960962665
285 103 0.00412418674663
59 103 0.00405259511742
420 103 0.00348704248615
302 103 0.00335584841797
303 103 0.00311886427618
340 38 0.00397338639206
292 38 0.00311129739838
106 38 0.00361395710098
104 38 0.0036446911423
39 38 0.00403110226393
38 38 0.00402254398296
33 38 0.00353879773996
32 38 0.00372428493423
31 38 0.00371233959133
339 38 0.00313273685136
133 38 0.00303404426095
132 38 0.00402589378481
131 38 0.00339567958946
130 38 0.0034084900875
83 38 0.00341430169923
246 38 0.00315709941813
17 38 0.00377428099724
19 38 0.00367841031741
18 38 0.00382365878323
208 38 0.00392678123718
8 38 0.00312152180612
123 38 0.00314130018048
60 38 0.00307362000029
61 38 0.00332283780573
67 38 0.00324905947173
161 38 0.00334277916291
357 38 0.0033322251837
216 38 0.00352974209694
214 38 0.0030255011244
215 38 0.00304602229658
265 38 0.00316282593263
57 38 0.00350092875291
56 38 0.00314131700761
51 38 0.00339444183347
50 38 0.00368982512478
53 38 0.0038950053558
117 38 0.0037185997664
116 38 0.00311893211001
253 38 0.00402443391063
118 38 0.00402319927968
240 38 0.00332532245244
114 38 0.00367846825084
88 38 0.00328477891245
48 38 0.00315017817702
44 38 0.00402834862345
45 38 0.00321378715204
42 38 0.00402506324549
43 38 0.0040227338892
40 38 0.00403036403347
41 38 0.0040245182867
37 37 0.00311218936768
36 37 0.00312058341383
35 37 0.00312031621552
34 37 0.00311969864505
239 37 0.00311608923497
206 37 0.00311504816634
113 37 0.00311577458849
37 35 0.00351329572638
36 35 0.00351421886193
35 35 0.00351409862598
34 35 0.00351420671265
239 35 0.00351366104256
231 35 0.00305550742725
82 35 0.00302607580496
85 35 0.00342300251298
243 35 0.00320674706723
242 35 0.00333668232246
178 35 0.00310672354018
207 35 0.00312777865527
206 35 0.0035138179358
72 35 0.0031619717466
71 35 0.00325071865037
70 35 0.00329397635878
122 35 0.00326748800345
412 35 0.00308951953626
413 35 0.00313698236063
60 35 0.00340824554092
167 35 0.00305719387251
265 35 0.00310395371461
269 35 0.00314234898931
50 35 0.00317072760449
53 35 0.00311008574771
113 35 0.00351378358268
114 35 0.0030758939132
106 339 0.00341277233117
104 339 0.00319148404396
39 339 0.00302547579499
32 339 0.00347984385155
34 339 0.00306494042121
339 339 0.00403321162433
19 339 0.00322607101975
18 339 0.00347895299087
8 339 0.00329735442905
414 339 0.0032580842865
413 339 0.00361623888774
250 339 0.00417780032025
51 339 0.00419739900426
50 339 0.00420094437882
53 339 0.00420318357596
52 339 0.0041046701944
253 339 0.00305489226558
114 339 0.00418968666024
44 339 0.00308937083242
40 339 0.00319400028622
337 338 0.00304510269476
121 338 0.00309449671117
338 337 0.00306554416735
195 99 0.00373757620442
278 99 0.00301435612613
527 99 0.00440814887938
334 99 0.00319396490179
337 99 0.00442690723411
98 99 0.00386906799946
147 99 0.00323837931992
145 99 0.00325703630401
27 99 0.00320146886317
28 99 0.00338089911388
372 99 0.00325682314409
80 99 0.00320995302229
84 99 0.00418004270161
85 99 0.00311328908059
582 99 0.00466931202177
243 99 0.00374848650078
249 99 0.00320574276185
186 99 0.00365425179375
15 99 0.00307148242209
322 99 0.00323445627628
204 99 0.00317270241075
207 99 0.00336983141145
74 99 0.00344036453729
71 99 0.00338111086588
70 99 0.00328463755729
121 99 0.00472055797605
362 99 0.00317014364693
389 99 0.00320955880315
251 99 0.00309396417663
502 99 0.00377328879814
160 99 0.00459795694902
351 99 0.00307238067857
63 99 0.0031447094726
112 99 0.00336526719853
306 99 0.00319351549197
307 99 0.00323688297668
228 99 0.00361280415626
154 99 0.0031541031516
46 99 0.00362718386265
47 99 0.00303757535205
478 99 0.00350195874406
102 24 0.00364066982984
103 24 0.00364090001547
106 24 0.00354965108437
104 24 0.00354069079898
105 24 0.00362495786736
133 24 0.00314183170361
24 24 0.00364580890335
25 24 0.00364427063734
26 24 0.00364377614036
22 24 0.00364451103895
23 24 0.00364447843476
126 24 0.0030302712273
258 24 0.00325859233197
420 24 0.00331994517078
49 24 0.00331959869684
106 26 0.00301368211503
104 26 0.00301381168865
105 26 0.0030136490477
24 26 0.0030125448864
25 26 0.00301467880751
26 26 0.00301462597167
22 26 0.00301427966326
23 26 0.00301428361697
102 23 0.0030660683489
103 23 0.00309387619805
106 23 0.00311791267391
104 23 0.00311940428626
105 23 0.00312541223684
24 23 0.00313245584757
25 23 0.00313346010143
26 23 0.00313381510479
22 23 0.00313233620452
23 23 0.00313194194328
346 403 0.00305324928116
99 370 0.00314947653705
196 177 0.0032473545627
95 177 0.00303277518252
94 177 0.00311434475292
248 177 0.00318060691621
178 177 0.00351733399644
177 177 0.00315981296144
170 177 0.00307851214816
180 177 0.00328333423908
329 177 0.00305924975234
200 177 0.00313735128585
203 177 0.00305895288167
202 177 0.00325599276493
207 177 0.00306470902565
252 177 0.00319678689231
283 177 0.00305265817442
267 177 0.00303700417342
265 177 0.00310432709863
264 177 0.00303100046237
301 177 0.00300301762169
153 177 0.00300763474739
131 88 0.00342000395929
130 88 0.00340595806727
88 88 0.00340356146357
79 88 0.00303651855154
127 88 0.00316932068364
137 88 0.00324228149947
136 88 0.0030101166725
9 88 0.00310212136279
55 88 0.00342042331896
54 88 0.00341232755201
57 88 0.00342471562454
56 88 0.00342249661516
115 88 0.00324611622888
116 88 0.00320864607494
420 88 0.00300936726125
89 88 0.00340890809494
48 88 0.00341816118829
49 88 0.00342501032076
47 88 0.00342712367275
233 89 0.00303818620133
131 89 0.00356443257243
130 89 0.00354086105087
21 89 0.00315559587342
88 89 0.00354656247661
89 89 0.00353099921747
127 89 0.00321840067461
137 89 0.00313703926984
260 89 0.00303402728607
55 89 0.00356557319869
54 89 0.00355788708325
57 89 0.00357065570143
56 89 0.00356754637554
115 89 0.00313254967956
116 89 0.003022041969
48 89 0.0035594249033
49 89 0.00356821369521
47 89 0.0035748723942
298 582 0.00301310287375
527 582 0.00410812034903
99 582 0.00430392291747
78 582 0.00301186359979
121 582 0.00403899881738
137 582 0.00308664626757
502 582 0.00426348817245
160 582 0.0032328433549
350 582 0.00303263441862
115 582 0.00317624014848
116 582 0.00337353234651
80 582 0.00307626289688
484 582 0.00333134429658
0 240 0.00353610035645
298 240 0.00316271950909
193 240 0.00322073620599
6 240 0.00371575187857
133 240 0.00363508741459
137 240 0.003736320016
136 240 0.00372144287202
135 240 0.00354312671933
134 240 0.00369350400582
80 240 0.00369131600613
7 240 0.00371077805285
19 240 0.00315386832044
78 240 0.00370977898873
8 240 0.00350922212825
126 240 0.00306817606963
9 240 0.00371131049894
351 240 0.00344319657333
350 240 0.00357588155823
59 240 0.00305214268022
115 240 0.00373758799003
117 240 0.00352466821484
116 240 0.00374580351238
420 240 0.00337723863771
5 240 0.00336360125573
458 457 0.00308272255647
206 457 0.00322431095191
15 183 0.00307677175262
16 183 0.00319156083498
37 206 0.00301514217404
36 206 0.00301848121108
35 206 0.003018366773
34 206 0.00301828472305
239 206 0.00301653990211
206 206 0.0030156987102
113 206 0.00301624247104
298 540 0.00305813044436
527 540 0.00471521528436
102 540 0.00469089784182
103 540 0.00352199010569
32 540 0.00304204250909
31 540 0.00435263749429
240 540 0.00304153498486
339 540 0.00352284775971
337 540 0.00313761245562
332 540 0.00312157826035
459 540 0.00328373972197
24 540 0.00485635875746
23 540 0.00333146011614
582 540 0.00388726946948
246 540 0.00440916979164
515 540 0.00400067836452
17 540 0.00380110912426
19 540 0.00453140297738
18 540 0.00378930745522
328 540 0.003500446376
206 540 0.00304878897445
72 540 0.00306132387574
70 540 0.00326573008062
540 540 0.00312730384781
541 540 0.00359043082341
545 540 0.00368309534854
121 540 0.00454693948556
319 540 0.0037214831991
318 540 0.00340243918371
368 540 0.00312369725601
387 540 0.00300958263631
250 540 0.00471874135724
502 540 0.0037757041298
269 540 0.00347663172129
51 540 0.00393358533679
52 540 0.00354802358494
539 540 0.00610360375169
117 540 0.00328884994085
48 540 0.00369943485989
49 540 0.00397688192676
47 540 0.00309967347071
293 545 0.00305630420373
75 545 0.00311326271816
306 545 0.00355739209215
81 545 0.00305438834449
298 121 0.00507675881475
292 121 0.00319728646775
291 121 0.00302411991604
527 121 0.00576789713216
107 121 0.00338349820772
32 121 0.00323702642683
37 121 0.00429395955057
36 121 0.00497389760016
35 121 0.00369969853038
34 121 0.0043414169209
338 121 0.00505204695396
334 121 0.00344778961473
333 121 0.00396209499775
99 121 0.0057806411582
93 121 0.00338632975355
94 121 0.00421730289887
239 121 0.00323414485979
231 121 0.00303353908358
141 121 0.00307114710391
148 121 0.00417690714439
370 121 0.00373732862905
82 121 0.00316200564139
85 121 0.00347509326449
582 121 0.00330066031357
243 121 0.0042413175674
512 121 0.00531321979888
455 121 0.00394762506726
188 121 0.0033224923322
13 121 0.00327020084252
17 121 0.00327267775516
326 121 0.00391386868058
324 121 0.00348327432067
205 121 0.00474248530915
207 121 0.00502301153519
206 121 0.00441724322041
73 121 0.00385723120963
72 121 0.00354974596277
71 121 0.00382260065908
70 121 0.0042413399907
78 121 0.00385047351578
121 121 0.00535174062017
122 121 0.00348614001891
124 121 0.00390951959455
137 121 0.00307708996939
136 121 0.00346612014821
363 121 0.00376645477595
360 121 0.00460762121025
380 121 0.00325685966664
153 121 0.00365160709801
62 121 0.00353382093234
68 121 0.00418543282951
156 121 0.00478800634095
502 121 0.00578032723195
169 121 0.00341454413441
167 121 0.00308694932363
160 121 0.00425351584472
161 121 0.00364069971304
162 121 0.00513243587835
351 121 0.0048748818097
350 121 0.00463485207051
359 121 0.00414339775904
358 121 0.00415269653068
288 121 0.00316462744307
283 121 0.00430959480292
287 121 0.00363392304563
58 121 0.00423829559598
259 121 0.00339954777374
539 121 0.0035218382637
115 121 0.00388516685159
117 121 0.00378454210283
116 121 0.00471389042206
113 121 0.00416961094628
300 121 0.00323255832479
304 121 0.00401393491659
223 121 0.00327222756422
222 121 0.00359562438753
112 121 0.00343164621582
80 121 0.00484368650931
46 121 0.005017038312
484 121 0.00561458313881
476 121 0.0041466122259
0 125 0.00303750265613
134 125 0.00303652766243
7 125 0.00301578838018
205 125 0.00301461964246
78 125 0.00307127500618
124 125 0.00305910382247
125 125 0.00308607298974
126 125 0.00309400099494
136 125 0.0030557024156
9 125 0.00303552812781
265 125 0.00308962939183
59 125 0.00308664259715
80 125 0.00305664770188
0 126 0.00331511153747
341 126 0.00301639770935
191 126 0.0031567614738
193 126 0.00314314508388
275 126 0.00312084889094
108 126 0.00300871632865
109 126 0.00310854202445
96 126 0.00301563996173
231 126 0.00328068301312
232 126 0.00318856033629
1 126 0.00327579950119
135 126 0.00319580915578
134 126 0.00308734101362
29 126 0.00309409337777
402 126 0.00302417952427
82 126 0.00312890608343
83 126 0.00325229013636
87 126 0.00323225228446
179 126 0.00302249092289
178 126 0.00301487956036
175 126 0.00328529073921
187 126 0.00304896493446
202 126 0.00328676132484
205 126 0.00332687663075
73 126 0.00334255457596
78 126 0.00321473590308
8 126 0.00320545921052
124 126 0.00338438522488
125 126 0.0034222954689
126 126 0.00340796052519
136 126 0.00322467603308
364 126 0.00313025092215
365 126 0.00322741694829
153 126 0.00311518068563
60 126 0.00311341675859
61 126 0.00307202357011
64 126 0.00316487255782
67 126 0.00305656976468
9 126 0.00307614484346
357 126 0.00328838174526
210 126 0.00307974986041
211 126 0.00312003684352
4 126 0.00304884674053
287 126 0.00315252241479
286 126 0.00320417765353
263 126 0.0031787447284
267 126 0.00319055452716
266 126 0.00301447251598
265 126 0.00342333369745
59 126 0.00333937885406
58 126 0.00328406327789
110 126 0.00302584077161
300 126 0.00302466536461
227 126 0.0030312350283
112 126 0.0032984578289
80 126 0.00309000333701
5 126 0.00317156143612
484 126 0.00314254349922
346 415 0.00301316211082
337 417 0.00363167592553
72 417 0.00308964515142
121 417 0.00357684428979
37 410 0.00328557092524
245 410 0.0041676240793
244 410 0.00416387156576
246 410 0.00469172245773
15 410 0.00427510993368
14 410 0.00317819270488
16 410 0.00349164081081
206 410 0.00303686957834
109 413 0.00328485634825
39 413 0.0037154571722
32 413 0.00374227153896
31 413 0.00353378707388
0 413 0.00394301660628
6 413 0.00414024914458
95 413 0.00322390509444
1 413 0.00353770975655
133 413 0.00376416217919
132 413 0.00380893024899
131 413 0.00357927459354
130 413 0.0031611827837
7 413 0.0041309081304
246 413 0.00388725910804
17 413 0.00407976344879
19 413 0.00376015020405
18 413 0.00405154003612
78 413 0.00400048034372
8 413 0.00361037499876
125 413 0.003516769597
126 413 0.00376114479305
414 413 0.00450175400446
413 413 0.0043954663827
136 413 0.00356714345869
66 413 0.00317117574047
67 413 0.00326487177947
253 413 0.00300744643543
250 413 0.00376415760698
162 413 0.00303659101287
9 413 0.00405763209544
265 413 0.00343086244315
268 413 0.00376153235463
55 413 0.00321975218782
57 413 0.00394717112662
56 413 0.00374855401715
51 413 0.00341946286106
53 413 0.00384807343121
50 413 0.0038088145991
117 413 0.00317915612032
116 413 0.00321842840008
118 413 0.00369767533027
114 413 0.00340404000779
112 413 0.00323114854247
80 413 0.00306191510986
47 413 0.00385276316845
44 413 0.00375574286769
45 413 0.00360331551473
42 413 0.00326144746711
43 413 0.00344247664991
40 413 0.00324491195439
41 413 0.00370373188776
481 413 0.0040845091283
477 413 0.00384869471314
369 368 0.00313521028179
33 369 0.00315260282901
31 369 0.00324110255745
246 369 0.00317478279122
19 369 0.00326312522479
368 369 0.00376099951364
9 369 0.00302668655502
121 380 0.00330924713608
160 380 0.00330042642321
340 253 0.00350904490819
106 253 0.00319091871168
104 253 0.00300671878367
39 253 0.00358484790988
38 253 0.00356937958493
32 253 0.00325379574019
31 253 0.00327286893696
132 253 0.00357844392843
131 253 0.00307715552468
83 253 0.00306681679849
253 253 0.00357039443053
17 253 0.00333456436622
19 253 0.00322145344254
18 253 0.00334846542067
208 253 0.00345256010286
57 253 0.00318485208568
53 253 0.00319502640988
117 253 0.00329993070241
116 253 0.00318643795563
118 253 0.00357047203511
44 253 0.00358137793749
42 253 0.00357902970406
43 253 0.00357367049835
40 253 0.00358036736762
41 253 0.00357675650978
346 507 0.00330372467023
527 502 0.00553453338571
334 502 0.00335337099555
337 502 0.00438427322027
99 502 0.00479011109897
94 502 0.00307812122287
137 502 0.00322565626859
27 502 0.00328033572557
20 502 0.00351054562472
81 502 0.00334622656286
84 502 0.00402768196631
85 502 0.00304574675917
582 502 0.00511205815819
241 502 0.00335341470675
243 502 0.00447593343419
242 502 0.00335471737269
249 502 0.0039185733983
185 502 0.00329778299591
13 502 0.00301337861733
12 502 0.00315142562378
15 502 0.00464623804012
14 502 0.00374254985047
16 502 0.00370413059775
62 502 0.00329455848227
322 502 0.00323865547301
325 502 0.0031196576981
207 502 0.00360606253901
74 502 0.00323928440851
72 502 0.00352263953773
71 502 0.00330924508343
70 502 0.00364852489688
121 502 0.00596536214822
316 502 0.00310302901928
502 502 0.00491540726008
169 502 0.00332113994792
160 502 0.0046596450953
161 502 0.00348175728546
351 502 0.00327434115025
350 502 0.00361636682167
358 502 0.00327548089263
283 502 0.00346222416012
539 502 0.0032286481375
115 502 0.00336009096
116 502 0.0034651983278
112 502 0.00333153237547
228 502 0.0033449885606
156 502 0.00312557568851
46 502 0.00369699917005
47 502 0.00327533856031
484 502 0.00361066377475
0 351 0.00330962308716
348 351 0.00308909704495
298 351 0.00335844102433
193 351 0.00319179667634
6 351 0.00351298466301
95 351 0.00323513806729
155 351 0.00304904368244
133 351 0.00352374491043
137 351 0.00352002854759
136 351 0.00351950715182
135 351 0.00349856246109
134 351 0.00352418080737
144 351 0.00305583275113
89 351 0.00309426184608
7 351 0.00351596871897
248 351 0.00309734463532
180 351 0.00316060977283
78 351 0.00351169020663
8 351 0.00333246765837
126 351 0.00311773116789
9 351 0.0034956275617
351 351 0.00351857779852
350 351 0.00352396863585
213 351 0.00306455174041
59 351 0.00321184457475
115 351 0.00350933594297
117 351 0.00316727973136
116 351 0.00351704071035
111 351 0.00319265586598
420 351 0.00344831667258
88 351 0.0030728524787
80 351 0.00351928972853
5 351 0.00338107258372
298 350 0.00312672872286
193 350 0.00303756666012
6 350 0.00321356215111
95 350 0.00310297365053
155 350 0.00302263777994
133 350 0.00322636069713
137 350 0.0032206913463
136 350 0.00322179459628
135 350 0.0032022140249
134 350 0.00322664227976
7 350 0.00321758355113
180 350 0.00302699500187
78 350 0.00320826516638
8 350 0.00301417164426
9 350 0.00319489133782
351 350 0.00322632819203
350 350 0.00322656765267
115 350 0.00321239542963
117 350 0.00305386594757
116 350 0.00322097754504
420 350 0.00318431083202
80 350 0.00322108410022
5 350 0.00310247511079
0 265 0.00336529675422
298 265 0.00317606887983
193 265 0.00308685487907
109 265 0.00307813919588
6 265 0.00324346485748
94 265 0.00305163876503
96 265 0.00305339131673
231 265 0.00330951570632
1 265 0.00300833646783
133 265 0.00326473528734
137 265 0.00324521825357
136 265 0.00342420883642
135 265 0.00316594009365
134 265 0.00334069685612
82 265 0.00303887334061
80 265 0.00343424706073
87 265 0.00309768388374
7 265 0.00329751741908
205 265 0.00337097027619
73 265 0.00321382009303
78 265 0.00343832846695
122 265 0.00308230567538
124 265 0.00349541917888
125 265 0.00352164011341
126 265 0.00354017321036
60 265 0.00333345317281
61 265 0.00340610258355
161 265 0.00301117660641
9 265 0.0033206858485
287 265 0.0032281552566
263 265 0.00309357904543
265 265 0.00352474982661
59 265 0.00337328477592
58 265 0.00329623350925
115 265 0.00300616952695
116 265 0.0033050935848
112 265 0.00319982036727
195 539 0.00306423489452
527 539 0.00300743320183
131 539 0.00311610831991
243 539 0.00320290756519
186 539 0.00320635546184
72 539 0.00337356442674
70 539 0.00313639392647
540 539 0.00348040081895
121 539 0.00328810532614
350 539 0.00301840468859
48 539 0.00300776164219
47 539 0.00326326185657
106 114 0.00318829505072
107 114 0.00303799295143
32 114 0.0033218149262
339 114 0.0034851153921
85 114 0.00300340774233
19 114 0.00301021847578
18 114 0.00321545543526
208 114 0.00302846647285
8 114 0.00306566518332
414 114 0.003182784992
413 114 0.00328841180582
250 114 0.00351263425834
51 114 0.00351429928122
62 114 0.00301121744761
53 114 0.00351457353754
52 114 0.0035027235276
50 114 0.00351449643569
114 114 0.00351311006896
37 113 0.00311867423775
36 113 0.00312710667918
35 113 0.00312686972068
34 113 0.00312668030302
239 113 0.00312129942474
85 113 0.00303199142446
206 113 0.00312119912287
113 113 0.00312289828872
244 424 0.00318029786384
246 424 0.00330006584804
346 305 0.00316743435836
195 49 0.00302599375219
39 49 0.00308381923575
6 49 0.00303630313331
132 49 0.00303356862369
131 49 0.00335215158742
130 49 0.00334739478001
137 49 0.00327100501448
134 49 0.0032427124347
80 49 0.00315412971466
240 49 0.00300726675891
19 49 0.00314040419543
79 49 0.0031022008173
78 49 0.00319220576219
8 49 0.00302187979441
127 49 0.00321034767436
136 49 0.00325530896925
9 49 0.00313259425206
59 49 0.00301047620967
55 49 0.00335089067465
54 49 0.00334928734851
57 49 0.00335267570177
56 49 0.00335264971593
115 49 0.00330289283476
117 49 0.00316991471141
116 49 0.00329342979238
118 49 0.0030350252298
88 49 0.00334878102447
89 49 0.00334646408726
48 49 0.00334993859356
49 49 0.00334520397406
47 49 0.0033530279098
43 49 0.00307020885378
41 49 0.00304502178141
340 43 0.00302245951024
39 43 0.00303853432915
132 43 0.0030377202239
253 43 0.00300293439259
118 43 0.0030335587382
44 43 0.00303842633745
42 43 0.00303861206144
43 43 0.00303552270143
40 43 0.00300694729911
41 43 0.00303767601254
340 40 0.00349433403716
341 40 0.00313989438225
106 40 0.00335184569032
104 40 0.00338273146993
39 40 0.00353034173574
38 40 0.00352798523631
32 40 0.00330969029995
31 40 0.00329421805124
0 40 0.00303977525121
6 40 0.00314438429552
133 40 0.00328206304323
132 40 0.00352706784941
131 40 0.00327003094275
130 40 0.00319114619295
135 40 0.00305410660652
7 40 0.00307831707587
246 40 0.0031307482938
240 40 0.00316903756873
253 40 0.00352786380198
17 40 0.0034527433059
19 40 0.00342131875353
18 40 0.00344795243753
208 40 0.0034639413609
8 40 0.00341888101727
60 40 0.00306548355091
61 40 0.00308792364665
9 40 0.00323914516314
357 40 0.00316710598421
216 40 0.00321846765405
265 40 0.00320862031918
55 40 0.00308231430671
57 40 0.00332708318936
56 40 0.00324857095041
50 40 0.00331393545045
53 40 0.00335202352742
114 40 0.00315698568519
117 40 0.00328995059219
116 40 0.00305372736101
118 40 0.00352140315898
88 40 0.00326673074916
89 40 0.00319425697424
47 40 0.00314978528194
44 40 0.0035274205772
45 40 0.00317192800038
42 40 0.00352622096599
43 40 0.00352302242367
40 40 0.00352900090713
41 40 0.00352304873093
5 40 0.00303944714702
218 488 0.00319421612339
414 481 0.00323178791637
413 481 0.004157149496
50 481 0.00313993405568
53 481 0.00325199218025
413 477 0.00353946665701
