1 0;1 1
1 0;1 1
1 0;1 1
1 0;1 1
1 0;1 1
1 0;1 1
1 0;1 1
1 0;1 1
1 0;1 1
1 0;1 1
1 2;3 1
1 2;3 1
1 2;3 1
1 2;3 1
1 2;3 1
1 2;3 1
1 2;3 1
1 2;3 1
1 2;3 1
1 2;3 1
1 4;5 1
2 0;1 0
2 0;1 1
2 0;1 1
2 0;1 1
2 0;1 1
2 0;1 1
2 0;1 1
2 0;1 1
2 0;1 1
2 0;1 1
2 2;3 1
2 2;3 1
2 2;3 1
2 2;3 1
2 2;3 1
2 2;3 1
2 2;3 1
2 2;3 1
2 2;3 1
2 2;3 1
3 0;1 0
3 0;1 1
3 0;1 0
3 0;1 1
3 0;1 1
3 0;1 1
3 0;1 1
3 0;1 1
3 0;1 1
3 0;1 1
3 2;3 1
3 2;3 1
3 2;3 1
3 2;3 0
3 2;3 1
3 2;3 1
3 2;3 1
3 2;3 1
3 2;3 1
3 2;3 1
4 0;1 0
4 0;1 0
4 0;1 1
4 0;1 0
4 0;1 1
4 0;1 1
4 0;1 0
4 0;1 0
4 0;1 1
4 0;1 1
4 2;3 1
4 2;3 1
4 2;3 0
4 2;3 1
4 2;3 1
4 2;3 1
4 2;3 1
4 2;3 1
4 2;3 1
4 2;3 1
5 0;1 1
5 0;1 0
5 0;1 0
6 4;5 0
6 4;5 0
6 4;5 1
7 0;1 1
7 0;1 1
7 0;1 1
7 0;1 0
7 0;1 1
7 0;1 1
7 0;1 1
7 0;1 1
7 0;1 1
7 0;1 1
7 2;3 1
7 2;3 1
7 2;3 1